Generated by GetData Graph Digitizer 2.26.0.20 on June 05 2015, 17:25
from file 'C:\Users\Dmitry\Google Диск\!Diplom\Emmiter_Temperature.jpg'

Line #1
 5.85636187612730e-001    1.23835654932351e+003
 1.25279494487948e+000    1.24597280572778e+003
 1.48387084006990e+000    1.25056448596651e+003
 2.14348332861692e+000    1.25639793638575e+003
 2.16818020806329e+000    1.26223257415495e+003
 2.54652268069323e+000    1.26828264998044e+003
 3.61980789996708e+000    1.27184628303389e+003
 3.91822852661082e+000    1.27568148941181e+003
 4.21687782806425e+000    1.27957072021351e+003
 4.51552712951767e+000    1.28345995101522e+003
 4.74363025218214e+000    1.28734931374470e+003
 4.97173337484661e+000    1.29123867647418e+003
 5.34070018027930e+000    1.29507375092432e+003
 5.70989566052169e+000    1.29896284979825e+003
 6.00831628716543e+000    1.30279805617617e+003
 6.30696558861885e+000    1.30668728697787e+003
 6.67593239405155e+000    1.31052236142801e+003
 6.97458169550498e+000    1.31441159222972e+003
 7.34354850093768e+000    1.31824666667986e+003
 7.57165162360214e+000    1.32213602940934e+003
 7.79975474626661e+000    1.32602539213882e+003
 8.52145244564411e+000    1.32985980695009e+003
 9.10205778744369e+000    1.33369448561690e+003
 9.54157077166534e+000    1.33752942813927e+003
 9.91076625190773e+000    1.34141852701320e+003
 1.02799617321501e+001    1.34530762588713e+003
 1.07194747163718e+001    1.34914256840950e+003
 1.10886701966142e+001    1.35303166728343e+003
 1.15989580344345e+001    1.35692050230181e+003
 1.21090171974451e+001    1.36075531289640e+003
 1.24782126776875e+001    1.36464441177033e+003
 1.28474081579299e+001    1.36853351064426e+003
 1.33574673209405e+001    1.37236832123885e+003
 1.38677551587608e+001    1.37625715625724e+003
 1.43780429965811e+001    1.38014599127562e+003
 1.49588770131904e+001    1.38403469436622e+003
 1.56102572085886e+001    1.38792326552905e+003
 1.63319549079661e+001    1.39175768034032e+003
 1.70536526073436e+001    1.39559209515159e+003
 1.78458964855100e+001    1.39942637803508e+003
 1.85675941848875e+001    1.40326079284635e+003
 1.92892918842650e+001    1.40709520765762e+003
 2.00815357624315e+001    1.41092949054111e+003
 2.08032334618090e+001    1.41476390535238e+003
 2.15954773399755e+001    1.41859818823587e+003
 2.27402234372770e+001    1.42237778705670e+003
 2.41669255749248e+001    1.42610283374264e+003
 2.56639452165517e+001    1.42977372407702e+003
 2.70203298502202e+001    1.43355292711452e+003
 2.83767144838886e+001    1.43733213015203e+003
 2.99442803043046e+001    1.44100288855863e+003
 3.18643483438557e+001    1.44461896290257e+003
 3.40659150741335e+001    1.44807243626404e+003
 3.65494378447575e+001    1.45147135749063e+003
 3.89624144365925e+001    1.45487041064499e+003
 4.14461658820262e+001    1.45832335629536e+003
 4.42819621969756e+001    1.46161356903550e+003
 4.81725210716141e+001    1.46409143650217e+003
 4.84579072341056e+001    1.46484725072412e+003
 5.24187836127234e+001    1.46727096183923e+003
 5.61684788045936e+001    1.46980311758525e+003
 6.01996726871907e+001    1.47217267234880e+003
 6.46523142440440e+001    1.47410924015538e+003
 6.95946629058456e+001    1.47507244483935e+003
 7.46052709983393e+001    1.47549527335765e+003
 7.96848245459541e+001    1.47553979898165e+003
 8.47641494187592e+001    1.47553030018186e+003

Line #2
 9.71574094046473e+001    1.33677130518127e+003
 9.73149663485228e+001    1.34066079983852e+003
 9.75430694711873e+001    1.34455016256800e+003
 9.77006264150628e+001    1.34843965722526e+003
 9.78581833589383e+001    1.35232915188251e+003
 9.80862864816028e+001    1.35621851461199e+003
 9.84552532870355e+001    1.36005358906213e+003
 9.88947662712571e+001    1.36388853158450e+003
 9.91228693939216e+001    1.36777789431398e+003
 9.88569205902537e+001    1.37161415611409e+003
 9.91528257939908e+001    1.37485509383033e+003
 9.95211065749945e+001    1.37852809500911e+003
 1.00524760314718e+002    1.38230795768549e+003
 1.01035505502158e+002    1.38630484155144e+003
 1.01405158332020e+002    1.39030198927295e+003
 1.00856338788767e+002    1.39397670551280e+003
 1.01154302065791e+002    1.39770386304314e+003
 1.01526698993369e+002    1.40234930385011e+003
 1.02740847895411e+002    1.40585864862422e+003
 1.02969179692885e+002    1.40980203577749e+003
 1.03197740165169e+002    1.41379944735455e+003
 1.03707799328180e+002    1.41763425794914e+003
 1.04217858491190e+002    1.42146906854373e+003
 1.04587053971433e+002    1.42535816741767e+003
 1.05097113134443e+002    1.42919297801226e+003
 1.05748264655032e+002    1.43302752475130e+003
 1.06540508533198e+002    1.43686180763479e+003
 1.07403298590154e+002    1.44069595859051e+003
 1.08195542468320e+002    1.44453024147400e+003
 1.08987786346487e+002    1.44836452435750e+003
 1.09921122582231e+002    1.45219854338544e+003
 1.11136414858322e+002    1.45597801027849e+003
 1.12351707134412e+002    1.45975747717155e+003
 1.13637545589292e+002    1.46353681213683e+003
 1.15416749946075e+002    1.46720717476011e+003
 1.17336817985626e+002    1.47082324910405e+003
 1.19890658260229e+002    1.47416801397907e+003
 1.22444498534832e+002    1.47751277885409e+003
 1.26620443571962e+002    1.48074646054271e+003
 1.31353440445494e+002    1.48225030524789e+003
 1.36295789107295e+002    1.48321350993185e+003
 1.41375113980100e+002    1.48320401113207e+003

Line #3
 1.53005171788653e+002    1.34747183506917e+003
 1.53585777130452e+002    1.35130651373599e+003
 1.53602241716750e+002    1.35519627224879e+003
 1.53618706303047e+002    1.35908603076160e+003
 1.53987901783290e+002    1.36297512963553e+003
 1.54497960946300e+002    1.36680994023012e+003
 1.54725378044536e+002    1.37053722968823e+003
 1.54755791794224e+002    1.37772247805217e+003
 1.55336397136024e+002    1.38155715671898e+003
 1.55917002477823e+002    1.38539183538580e+003
 1.56286197958066e+002    1.38928093425973e+003
 1.56016361682633e+002    1.39219878085543e+003
 1.56584618584710e+002    1.39311614063765e+003
 1.56953814064952e+002    1.39700523951158e+003
 1.57322780870385e+002    1.40084031396172e+003
 1.57336272684156e+002    1.40402775496527e+003
 1.57339245456682e+002    1.40473007247452e+003
 1.57776014343188e+002    1.40791672191142e+003
 1.57863025108274e+002    1.41180634849645e+003
 1.58302538092496e+002    1.41564129101882e+003
 1.58742279751527e+002    1.41953025796497e+003
 1.59323113768136e+002    1.42341896105558e+003
 1.59833172931147e+002    1.42725377165017e+003
 1.60202368411390e+002    1.43114287052410e+003
 1.60712656249210e+002    1.43503170554248e+003
 1.61575446306165e+002    1.43886585649820e+003
 1.62297601355162e+002    1.44280832015705e+003
 1.62666339485785e+002    1.44658937018340e+003
 1.63103794396720e+002    1.44993809289167e+003
 1.64105390063156e+002    1.45323173575394e+003
 1.65249450136029e+002    1.45684926130341e+003
 1.66394196233330e+002    1.46062886012424e+003
 1.67750580866999e+002    1.46440806316174e+003
 1.69388692866203e+002    1.46807868964057e+003
 1.71026804865408e+002    1.47174931611940e+003
 1.72876555400980e+002    1.47541954681490e+003
 1.75500941854372e+002    1.47876417976215e+003
 1.79180548217073e+002    1.48140451628352e+003
 1.83701906554238e+002    1.48290875677202e+003
 1.86595214583824e+002    1.48311944542841e+003
 1.90404708238428e+002    1.48311232132857e+003

Line #4
 2.00612866080336e+002    1.34478961147930e+003
 2.00699876845422e+002    1.34867923806433e+003
 2.01139389829644e+002    1.35251418058670e+003
 2.01508356635077e+002    1.35634925503684e+003
 2.01665684904142e+002    1.36018472527030e+003
 2.01823013173208e+002    1.36402019550377e+003
 2.02191979978641e+002    1.36785526995391e+003
 2.02349308247707e+002    1.37169074018738e+003
 2.03014408931686e+002    1.37882077677755e+003
 2.03301395817846e+002    1.37995476196601e+003
 2.03595014273486e+002    1.38265545544436e+003
 2.03682025038572e+002    1.38654508202939e+003
 2.04051220518815e+002    1.39043418090332e+003
 2.04349641145458e+002    1.39426938728124e+003
 2.04648290446912e+002    1.39815861808294e+003
 2.05088032105943e+002    1.40204758502910e+003
 2.04953342643037e+002    1.40356053275074e+003
 2.06167720219888e+002    1.40712390194864e+003
 2.06184870830615e+002    1.41117573373281e+003
 2.06342885124110e+002    1.41517327723764e+003
 2.06923719140719e+002    1.41906198032825e+003
 2.07645416840097e+002    1.42289639513952e+003
 2.08296568360685e+002    1.42673094187856e+003
 2.08947719881274e+002    1.43056548861760e+003
 2.09528325223073e+002    1.43440016728442e+003
 2.10320569101240e+002    1.43823445016791e+003
 2.11465315198541e+002    1.44201404898874e+003
 2.12821471157400e+002    1.44573922760246e+003
 2.14248173295048e+002    1.44946427428840e+003
 2.15745650286294e+002    1.45324321347035e+003
 2.17595400821866e+002    1.45691344416586e+003
 2.20079152267300e+002    1.46036638981623e+003
 2.23337539630554e+002    1.46349373771835e+003
 2.27438136317891e+002    1.46559303843518e+003
 2.32517232515887e+002    1.46552951521160e+003

Line #5
 2.43784040389249e+002    1.36064620862663e+003
 2.44153235869491e+002    1.36453530750056e+003
 2.44451656496135e+002    1.36837051387847e+003
 2.44609213440010e+002    1.37226000853573e+003
 2.44907634066654e+002    1.37609521491364e+003
 2.45347375725685e+002    1.37998418185980e+003
 2.45716342531118e+002    1.38381925630994e+003
 2.45873899474993e+002    1.38770875096720e+003
 2.45890364061291e+002    1.39159850948000e+003
 2.46541515581880e+002    1.39543305621904e+003
 2.46769618704544e+002    1.39932241894852e+003
 2.47068725355617e+002    1.40331969859781e+003
 2.47508924364268e+002    1.40731671439154e+003
 2.47665337934095e+002    1.41093608692985e+003
 2.48034533414337e+002    1.41482518580378e+003
 2.48825862593265e+002    1.41844337099212e+003
 2.48842555854372e+002    1.42238715392871e+003
 2.49000570147867e+002    1.42638469743354e+003
 2.49581404164476e+002    1.43027340052415e+003
 2.50162238181085e+002    1.43416210361476e+003
 2.50742843522885e+002    1.43799678228157e+003
 2.51394223718283e+002    1.44188535344440e+003
 2.52045375238872e+002    1.44571990018345e+003
 2.52767301613059e+002    1.44960833941850e+003
 2.53771184027592e+002    1.45344222651867e+003
 2.54845383946105e+002    1.45722195726727e+003
 2.55707945328251e+002    1.46100208379920e+003
 2.56570735385206e+002    1.46483623475492e+003
 2.57645163978528e+002    1.46866998992731e+003
 2.59212958473754e+002    1.47239477275771e+003
 2.61203572692094e+002    1.47601071517387e+003
 2.63828416495106e+002    1.47946339696870e+003
 2.67297527695488e+002    1.48237425139233e+003
 2.71608390870334e+002    1.48414900978310e+003
 2.76686343694281e+002    1.48381536444058e+003

Line #6
 2.86960702893594e+002    1.34446605861155e+003
 2.87047713658680e+002    1.34835568519658e+003
 2.87346134285324e+002    1.35219089157450e+003
 2.87574237407989e+002    1.35608025430398e+003
 2.87802340530653e+002    1.35996961703346e+003
 2.88100761157297e+002    1.36380482341138e+003
 2.88469956637539e+002    1.36769392228531e+003
 2.88697831085394e+002    1.37152926059100e+003
 2.88855388029269e+002    1.37541875524825e+003
 2.89012944973145e+002    1.37930824990551e+003
 2.89664096493734e+002    1.38314279664455e+003
 2.89680561080031e+002    1.38703255515735e+003
 2.90261166421831e+002    1.39086723382417e+003
 2.90912317942419e+002    1.39470178056321e+003
 2.91142250463561e+002    1.39902333868300e+003
 2.91352059601451e+002    1.39859074750937e+003
 2.91933579642489e+002    1.40264152387134e+003
 2.92161911439963e+002    1.40658491102461e+003
 2.92602110448614e+002    1.41058192681834e+003
 2.93253261969202e+002    1.41441647355739e+003
 2.93763321132213e+002    1.41825128415198e+003
 2.94132516612455e+002    1.42214038302591e+003
 2.94501712092698e+002    1.42602948189984e+003
 2.94941453751729e+002    1.42991844884599e+003
 2.96297838385398e+002    1.43369765188350e+003
 2.97231174621142e+002    1.43753167091144e+003
 2.97952872320519e+002    1.44136608572271e+003
 2.98886208556264e+002    1.44520010475065e+003
 3.00594409384638e+002    1.44876255045413e+003
 3.02378873262044e+002    1.45367547482455e+003
 3.04650986171111e+002    1.45712881625825e+003
 3.08330592533811e+002    1.45976915277962e+003
 3.12923411749004e+002    1.46148935903550e+003
 3.18002736621809e+002    1.46147986023572e+003

Line #7
 3.29894169737835e+002    1.35416426723026e+003
 3.29910634324133e+002    1.35805402574307e+003
 3.30209283625586e+002    1.36194325654477e+003
 3.30578479105829e+002    1.36583235541870e+003
 3.30877128407282e+002    1.36972158622041e+003
 3.31246323887525e+002    1.37361068509434e+003
 3.31826929229324e+002    1.37744536376116e+003
 3.32196124709567e+002    1.38133446263509e+003
 3.31930175905899e+002    1.38517072443520e+003
 3.32593904541020e+002    1.39197661448264e+003
 3.33385691069567e+002    1.39570284851855e+003
 3.33613794192232e+002    1.39959221124803e+003
 3.33771351136107e+002    1.40348170590529e+003
 3.34069771762751e+002    1.40731691228320e+003
 3.34368421064204e+002    1.41120614308491e+003
 3.34737387869637e+002    1.41504121753505e+003
 3.35036037171090e+002    1.41893044833675e+003
 3.35475550155312e+002    1.42276539085912e+003
 3.36126701675901e+002    1.42659993759816e+003
 3.36848399375278e+002    1.43043435240943e+003
 3.37499550895867e+002    1.43426889914847e+003
 3.38150702416455e+002    1.43810344588751e+003
 3.38801853937044e+002    1.44193799262656e+003
 3.39523551636421e+002    1.44577240743782e+003
 3.40386341693376e+002    1.44960655839354e+003
 3.41248903075522e+002    1.45338668492547e+003
 3.42111693132478e+002    1.45722083588119e+003
 3.43256439229779e+002    1.46100043470202e+003
 3.44683370042237e+002    1.46477950581175e+003
 3.46533349252618e+002    1.46850376093104e+003
 3.49228510559609e+002    1.47190228637430e+003
 3.52907430897881e+002    1.47438054962430e+003
 3.57355727633350e+002    1.47529065337890e+003
 3.62289386652383e+002    1.47420092995888e+003
 3.67367796825950e+002    1.47397533346394e+003

Line #8
 3.77770556930903e+002    1.34829407492574e+003
 3.77716475338411e+002    1.35218396536632e+003
 3.77944578461076e+002    1.35607332809580e+003
 3.78172681583740e+002    1.35996269082528e+003
 3.78259692348827e+002    1.36385231741031e+003
 3.78487795471491e+002    1.36774168013979e+003
 3.78786444772945e+002    1.37163091094150e+003
 3.79014547895609e+002    1.37552027367098e+003
 3.78889691449519e+002    1.37935627161554e+003
 3.79555249483118e+002    1.38659435705329e+003
 3.80335602271181e+002    1.38761936989975e+003
 3.80488128369243e+002    1.39032032723365e+003
 3.80787006345506e+002    1.39426358245915e+003
 3.80944563289382e+002    1.39815307711640e+003
 3.81525397305991e+002    1.40204178020701e+003
 3.81756244526372e+002    1.40657943602196e+003
 3.82970850778033e+002    1.41019682964364e+003
 3.83199411250317e+002    1.41419424122070e+003
 3.83498289226580e+002    1.41813749644620e+003
 3.83867484706822e+002    1.42202659532013e+003
 3.83954495471909e+002    1.42591622190516e+003
 3.84887831707653e+002    1.42975024093310e+003
 3.85398119545474e+002    1.43363907595148e+003
 3.85978724887273e+002    1.43747375461830e+003
 3.86700422586651e+002    1.44130816942956e+003
 3.87563212643606e+002    1.44514232038528e+003
 3.88496548879350e+002    1.44897633941322e+003
 3.89570748797863e+002    1.45275607016183e+003
 3.90856587252743e+002    1.45653540512711e+003
 3.92283289390390e+002    1.46026045181305e+003
 3.94062951096793e+002    1.46403886328391e+003
 3.96617477395825e+002    1.46754570143029e+003
 4.00155076701709e+002    1.46997020411206e+003
 4.04813182575067e+002    1.47044771669302e+003
 4.09535203057734e+002    1.46935838905633e+003
 4.13899919150262e+002    1.46718923258273e+003
 4.18123085535593e+002    1.46491229111711e+003
 4.22418398823380e+002    1.46301338869023e+003

Line #9
 4.34695606343351e+002    1.31350366528340e+003
 4.34923709466016e+002    1.31739302801288e+003
 4.35081266409891e+002    1.32128252267014e+003
 4.35097730996189e+002    1.32517228118294e+003
 4.35113966907677e+002    1.32900801527196e+003
 4.35200520323144e+002    1.33278959300941e+003
 4.35145981381033e+002    1.33657143460241e+003
 4.35867221730791e+002    1.34029780056610e+003
 4.36659236934148e+002    1.34407805902581e+003
 4.36957886235601e+002    1.34796728982751e+003
 4.37115443179477e+002    1.35185678448477e+003
 4.37343546302141e+002    1.35574614721425e+003
 4.38081937262626e+002    1.36352434496211e+003
 4.37712741782384e+002    1.35963524608818e+003
 4.38820099548301e+002    1.37124851828618e+003
 4.38450904068059e+002    1.36735941941225e+003
 4.39118748849755e+002    1.37513774908788e+003
 4.39346851972419e+002    1.37902711181736e+003
 4.39715818777852e+002    1.38286218626751e+003
 4.40366970298440e+002    1.38669673300655e+003
 4.41300992558614e+002    1.39069282530586e+003
 4.41538242673666e+002    1.39674316498690e+003
 4.41756741454323e+002    1.39836350191724e+003
 4.41836891975119e+002    1.40063239578860e+003
 4.42629135853286e+002    1.40446667867209e+003
 4.44072531252041e+002    1.41213550829463e+003
 4.43421379731452e+002    1.40830096155559e+003
 4.44723682772629e+002    1.41597005503367e+003
 4.45445380472007e+002    1.41980446984494e+003
 4.46449034211730e+002    1.42358433252132e+003
 4.47664326487821e+002    1.42736379941437e+003
 4.49020939796299e+002    1.43119702687567e+003
 4.50870919006681e+002    1.43492128199496e+003
 4.53635711793222e+002    1.43810357781529e+003
 4.57665762301770e+002    1.44020301045989e+003
 4.62466332581565e+002    1.44100440572804e+003
 4.67472367177865e+002    1.44034674577056e+003
 4.71063362051811e+002    1.43871928474038e+003
 4.71767223116033e+002    1.43833979449611e+003
 4.75145436079564e+002    1.43644260713030e+003
 4.79085731725310e+002    1.43400412010441e+003
 4.82318278835069e+002    1.43102670811837e+003
 4.85412477684967e+002    1.42869785307336e+003
 4.85975475066420e+002    1.42837265110842e+003
 4.88574249941127e+002    1.42566654859131e+003
 4.93006310765109e+002    1.42274091825689e+003
 4.92443542058465e+002    1.42312014464561e+003
 4.96167854346459e+002    1.41965558935105e+003
 4.99471176309817e+002    1.41673206986103e+003
 5.02703723419577e+002    1.41375465787500e+003
 5.05865724350547e+002    1.41077737781674e+003
 5.09169274988715e+002    1.40790788275051e+003
 5.12897246073665e+002    1.40530771823657e+003
 5.16696220687023e+002    1.40281547064244e+003
 5.20852042340900e+002    1.40129500303764e+003
